 775  591  759  134    0    0    0    0    0    0    0    0    0    0    0    0   18  151  891  211  297  297  297  297  297  297  297  297  297  297  297  297    1   34  462  797  528  528  528  528  528  528  528  528  528  528  528  528  135  134    0    0    0    0    0    0    0    0    0    0    0    0    0    0    0  128    0    0   33   33   33   33   33   33   33   33   33   33   33   33 
   0    0    0    0    0    0    0    0    0    0    0    0    0    0    0    0  297  297  297  297  297  297  297  297  297  297  297  297  297  297  297  297  528  528  528  528  528  528  528  528  528  528  528  528  528  528  528  528    0    0    0    0    0    0    0    0    0    0    0    0    0    0    0    0   33   33   33   33   33   33   33   33   33   33   33   33   33   33   33   33 
   0    0    0    0    0    0    0    0    0    0    0    0    0    0    0    0  297  297  297  297  297  297  297  297  297  297  297  297  297  297  297  297  528  528  528  528  528  528  528  528  528  528  528  528  528  528  528  528    0    0    0    0    0    0    0    0    0    0    0    0    0    0    0    0   33   33   33   33   33   33   33   33   33   33   33   33   33   33   33   33 
   0    0    0    0    0    0    0    0    0    0    0    0    0    0    0    0  297  297  297  297  297  297  297  297  297  297  297  297  297  297  297  297  528  528  528  528  528  528  528  528  528  528  528  528  528  528  528  528    0    0    0    0    0    0    0    0    0    0    0    0    0    0    0    0   33   33   33   33   33   33   33   33   33   33   33   33   33   33   33   33 
   0    0    0    0    0    0    0    0    0    0    0    0    0    0    0    0  297  297  297  297  297  297  297  297  297  297  297  297  297  297  297  297  528  528  528  528  528  528  528  528  528  528  528  528  528  528  528  528    0    0    0    0    0    0    0    0    0    0    0    0    0    0    0    0   33   33   33   33   33   33   33   33   33   33   33   33   33   33   33   33 
   0    0    0    0    0    0    0    0    0    0    0    0    0    0    0    0  297  297  297  297  297  297  297  297  297  297  297  297  297  297  297  297  528  528  528  528  528  528  528  528  528  528  528  528  528  528  528  528    0    0    0    0    0    0    0    0    0    0    0    0    0    0    0    0   33   33   33   33   33   33   33   33   33   33   33   33   33   33   33   33 
   0    0    0    0    0    0    0    0    0    0    0    0    0    0    0    0  297  297  297  297  297  297  297  297  297  297  297  297  297  297  297  297  528  528  528  528  528  528  528  528  528  528  528  528  528  528  528  528    0    0    0    0    0    0    0    0    0    0    0    0    0    0    0    0   33   33   33   33   33   33   33   33   33   33   33   33   33   33   33   33 
   0    0    0    0    0    0    0    0    0    0    0    0    0    0    0    0  297  297  297  297  297  297  297  297  297  297  297  297  297  297  297  297  528  528  528  528  528  528  528  528  528  528  528  528  528  528  528  528    0    0    0    0    0    0    0    0    0    0    0    0    0    0    0    0   33   33   33   33   33   33   33   33   33   33   33   33   33   33   33   33 
   0    0    0    0    0    0    0    0    0    0    0    0    0    0    0    0  297  297  297  297  297  297  297  297  297  297  297  297  297  297  297  297  528  528  528  528  528  528  528  528  528  528  528  528  528  528  528  528    0    0    0    0    0    0    0    0    0    0    0    0    0    0    0    0   33   33   33   33   33   33   33   33   33   33   33   33   33   33   33   33 
   0    0    0    0    0    0    0    0    0    0    0    0    0    0    0    0  297  297  297  297  297  297  297  297  297  297  297  297  297  297  297  297  528  528  528  528  528  528  528  528  528  528  528  528  528  528  528  528    0    0    0    0    0    0    0    0    0    0    0    0    0    0    0    0   33   33   33   33   33   33   33   33   33   33   33   33   33   33   33   33 
   0    0    0    0    0    0    0    0    0    0    0    0    0    0    0    0  297  297  297  297  297  297  297  297  297  297  297  297  297  297  297  297  528  528  528  528  528  528  528  528  528  528  528  528  528  528  528  528    0    0    0    0    0    0    0    0    0    0    0    0    0    0    0    0   33   33   33   33   33   33   33   33   33   33   33   33   33   33   33   33 
   0    0    0    0    0    0    0    0    0    0    0    0    0    0    0    0  297  297  297  297  297  297  297  297  297  297  297  297  297  297  297  297  528  528  528  528  528  528  528  528  528  528  528  528  528  528  528  528    0    0    0    0    0    0    0    0    0    0    0    0    0    0    0    0   33   33   33   33   33   33   33   33   33   33   33   33   33   33   33   33 
   0    0    0    0    0    0    0    0    0    0    0    0    0    0    0    0  297  297  297  297  297  297  297  297  297  297  297  297  297  297  297  297  528  528  528  528  528  528  528  528  528  528  528  528  528  528  528  528    0    0    0    0    0    0    0    0    0    0    0    0    0    0    0    0   33   33   33   33   33   33   33   33   33   33   33   33   33   33   33   33 
   0    0    0    0    0    0    0    0    0    0    0    0    0    0    0    0  297  297  297  297  297  297  297  297  297  297  297  297  297  297  297  297  528  528  528  528  528  528  528  528  528  528  528  528  528  528  528  528    0    0    0    0    0    0    0    0    0    0    0    0    0    0    0    0   33   33   33   33   33   33   33   33   33   33   33   33   33   33   33   33 
   0    0    0    0    0    0    0    0    0    0    0    0    0    0    0    0  297  297  297  297  297  297  297  297  297  297  297  297  297  297  297  297  528  528  528  528  528  528  528  528  528  528  528  528  528  528  528  528    0    0    0    0    0    0    0    0    0    0    0    0    0    0    0    0   33   33   33   33   33   33   33   33   33   33   33   33   33   33   33   33 
   0    0    0    0    0    0    0    0    0    0    0    0    0    0    0    0  297  297  297  297  297  297  297  297  297  297  297  297  297  297  297  297  528  528  528  528  528  528  528  528  528  528  528  528  528  528  528  528    0    0    0    0    0    0    0    0    0    0    0    0    0    0    0    0   33   33   33   33   33   33   33   33   33   33   33   33   33   33   33   33 
   0    0    0    0    0    0    0    0    0    0    0    0    0    0    0    0  297  297  297  297  297  297  297  297  297  297  297  297  297  297  297  297  528  528  528  528  528  528  528  528  528  528  528  528  528  528  528  528    0    0    0    0    0    0    0    0    0    0    0    0    0    0    0    0   33   33   33   33   33   33   33   33   33   33   33   33   33   33   33   33 
   0    0    0    0    0    0    0    0    0    0    0    0    0    0    0    0  297  297  297  297  297  297  297  297  297  297  297  297  297  297  297  297  528  528  528  528  528  528  528  528  528  528  528  528  528  528  528  528    0    0    0    0    0    0    0    0    0    0    0    0    0    0    0    0   33   33   33   33   33   33   33   33   33   33   33   33   33   33   33   33 
   0    0    0    0    0    0    0    0    0    0    0    0    0    0    0    0  297  297  297  297  297  297  297  297  297  297  297  297  297  297  297  297  528  528  528  528  528  528  528  528  528  528  528  528  528  528  528  528    0    0    0    0    0    0    0    0    0    0    0    0    0    0    0    0   33   33   33   33   33   33   33   33   33   33   33   33   33   33   33   33 
   0    0    0    0    0    0    0    0    0    0    0    0    0    0    0    0  297  297  297  297  297  297  297  297  297  297  297  297  297  297  297  297  528  528  528  528  528  528  528  528  528  528  528  528  528  528  528  528    0    0    0    0    0    0    0    0    0    0    0    0    0    0    0    0   33   33   33   33   33   33   33   33   33   33   33   33   33   33   33   33 
   0    0    0    0    0    0    0    0    0    0    0    0    0    0    0    0  297  297  297  297  297  297  297  297  297  297  297  297  297  297  297  297  528  528  528  528  528  528  528  528  528  528  528  528  528  528  528  528    0    0    0    0    0    0    0    0    0    0    0    0    0    0    0    0   33   33   33   33   33   33   33   33   33   33   33   33   33   33   33   33 
   0    0    0    0    0    0    0    0    0    0    0    0    0    0    0    0  297  297  297  297  297  297  297  297  297  297  297  297  297  297  297  297  528  528  528  528  528  528  528  528  528  528  528  528  528  528  528  528    0    0    0    0    0    0    0    0    0    0    0    0    0    0    0    0   33   33   33   33   33   33   33   33   33   33   33   33   33   33   33   33 
   0    0    0    0    0    0    0    0    0    0    0    0    0    0    0    0  297  297  297  297  297  297  297  297  297  297  297  297  297  297  297  297  528  528  528  528  528  528  528  528  528  528  528  528  528  528  528  528    0    0    0    0    0    0    0    0    0    0    0    0    0    0    0    0   33   33   33   33   33   33   33   33   33   33   33   33   33   33   33   33 
   0    0    0    0    0    0    0    0    0    0    0    0    0    0    0    0  297  297  297  297  297  297  297  297  297  297  297  297  297  297  297  297  528  528  528  528  528  528  528  528  528  528  528  528  528  528  528  528    0    0    0    0    0    0    0    0    0    0    0    0    0    0    0    0   33   33   33   33   33   33   33   33   33   33   33   33   33   33   33   33 
   0    0    0    0    0    0    0    0    0    0    0    0    0    0    0    0  297  297  297  297  297  297  297  297  297  297  297  297  297  297  297  297  528  528  528  528  528  528  528  528  528  528  528  528  528  528  528  528    0    0    0    0    0    0    0    0    0    0    0    0    0    0    0    0   33   33   33   33   33   33   33   33   33   33   33   33   33   33   33   33 
   0    0    0    0    0    0    0    0    0    0    0    0    0    0    0    0  297  297  297  297  297  297  297  297  297  297  297  297  297  297  297  297  528  528  528  528  528  528  528  528  528  528  528  528  528  528  528  528    0    0    0    0    0    0    0    0    0    0    0    0    0    0    0    0   33   33   33   33   33   33   33   33   33   33   33   33   33   33   33   33 
   0    0    0    0    0    0    0    0    0    0    0    0    0    0    0    0  297  297  297  297  297  297  297  297  297  297  297  297  297  297  297  297  528  528  528  528  528  528  528  528  528  528  528  528  528  528  528  528    0    0    0    0    0    0    0    0    0    0    0    0    0    0    0    0   33   33   33   33   33   33   33   33   33   33   33   33   33   33   33   33 
   0    0    0    0    0    0    0    0    0    0    0    0    0    0    0    0  297  297  297  297  297  297  297  297  297  297  297  297  297  297  297  297  528  528  528  528  528  528  528  528  528  528  528  528  528  528  528  528    0    0    0    0    0    0    0    0    0    0    0    0    0    0    0    0   33   33   33   33   33   33   33   33   33   33   33   33   33   33   33   33 
   0    0    0    0    0    0    0    0    0    0    0    0    0    0    0    0  297  297  297  297  297  297  297  297  297  297  297  297  297  297  297  297  528  528  528  528  528  528  528  528  528  528  528  528  528  528  528  528    0    0    0    0    0    0    0    0    0    0    0    0    0    0    0    0   33   33   33   33   33   33   33   33   33   33   33   33   33   33   33   33 
   0    0    0    0    0    0    0    0    0    0    0    0    0    0    0    0  297  297  297  297  297  297  297  297  297  297  297  297  297  297  297  297  528  528  528  528  528  528  528  528  528  528  528  528  528  528  528  528    0    0    0    0    0    0    0    0    0    0    0    0    0    0    0    0   33   33   33   33   33   33   33   33   33   33   33   33   33   33   33   33 
   0    0    0    0    0    0    0    0    0    0    0    0    0    0    0    0  297  297  297  297  297  297  297  297  297  297  297  297  297  297  297  297  528  528  528  528  528  528  528  528  528  528  528  528  528  528  528  528    0    0    0    0    0    0    0    0    0    0    0    0    0    0    0    0   33   33   33   33   33   33   33   33   33   33   33   33   33   33   33   33 
   0    0    0    0    0    0    0    0    0    0    0    0    0    0    0    0  297  297  297  297  297  297  297  297  297  297  297  297  297  297  297  297  528  528  528  528  528  528  528  528  528  528  528  528  528  528  528  528    0    0    0    0    0    0    0    0    0    0    0    0    0    0    0    0   33   33   33   33   33   33   33   33   33   33   33   33   33   33   33   33 
   0    0    0    0    0    0    0    0    0    0    0    0    0    0    0    0  297  297  297  297  297  297  297  297  297  297  297  297  297  297  297  297  528  528  528  528  528  528  528  528  528  528  528  528  528  528  528  528    0    0    0    0    0    0    0    0    0    0    0    0    0    0    0    0   33   33   33   33   33   33   33   33   33   33   33   33   33   33   33   33 
   0    0    0    0    0    0    0    0    0    0    0    0    0    0    0    0  297  297  297  297  297  297  297  297  297  297  297  297  297  297  297  297  528  528  528  528  528  528  528  528  528  528  528  528  528  528  528  528    0    0    0    0    0    0    0    0    0    0    0    0    0    0    0    0   33   33   33   33   33   33   33   33   33   33   33   33   33   33   33   33 
   0    0    0    0    0    0    0    0    0    0    0    0    0    0    0    0  297  297  297  297  297  297  297  297  297  297  297  297  297  297  297  297  528  528  528  528  528  528  528  528  528  528  528  528  528  528  528  528    0    0    0    0    0    0    0    0    0    0    0    0    0    0    0    0   33   33   33   33   33   33   33   33   33   33   33   33   33   33   33   33 
   0    0    0    0    0    0    0    0    0    0    0    0    0    0    0    0  297  297  297  297  297  297  297  297  297  297  297  297  297  297  297  297  528  528  528  528  528  528  528  528  528  528  528  528  528  528  528  528    0    0    0    0    0    0    0    0    0    0    0    0    0    0    0    0   33   33   33   33   33   33   33   33   33   33   33   33   33   33   33   33 
   0    0    0    0    0    0    0    0    0    0    0    0    0    0    0    0  297  297  297  297  297  297  297  297  297  297  297  297  297  297  297  297  528  528  528  528  528  528  528  528  528  528  528  528  528  528  528  528    0    0    0    0    0    0    0    0    0    0    0    0    0    0    0    0   33   33   33   33   33   33   33   33   33   33   33   33   33   33   33   33 
   0    0    0    0    0    0    0    0    0    0    0    0    0    0    0    0  297  297  297  297  297  297  297  297  297  297  297  297  297  297  297  297  528  528  528  528  528  528  528  528  528  528  528  528  528  528  528  528    0    0    0    0    0    0    0    0    0    0    0    0    0    0    0    0   33   33   33   33   33   33   33   33   33   33   33   33   33   33   33   33 
   0    0    0    0    0    0    0    0    0    0    0    0    0    0    0    0  297  297  297  297  297  297  297  297  297  297  297  297  297  297  297  297  528  528  528  528  528  528  528  528  528  528  528  528  528  528  528  528    0    0    0    0    0    0    0    0    0    0    0    0    0    0    0    0   33   33   33   33   33   33   33   33   33   33   33   33   33   33   33   33 
   0    0    0    0    0    0    0    0    0    0    0    0    0    0    0    0  297  297  297  297  297  297  297  297  297  297  297  297  297  297  297  297  528  528  528  528  528  528  528  528  528  528  528  528  528  528  528  528    0    0    0    0    0    0    0    0    0    0    0    0    0    0    0    0   33   33   33   33   33   33   33   33   33   33   33   33   33   33   33   33 
   0    0    0    0    0    0    0    0    0    0    0    0    0    0    0    0  297  297  297  297  297  297  297  297  297  297  297  297  297  297  297  297  528  528  528  528  528  528  528  528  528  528  528  528  528  528  528  528    0    0    0    0    0    0    0    0    0    0    0    0    0    0    0    0   33   33   33   33   33   33   33   33   33   33   33   33   33   33   33   33 
   0    0    0    0    0    0    0    0    0    0    0    0    0    0    0    0  297  297  297  297  297  297  297  297  297  297  297  297  297  297  297  297  528  528  528  528  528  528  528  528  528  528  528  528  528  528  528  528    0    0    0    0    0    0    0    0    0    0    0    0    0    0    0    0   33   33   33   33   33   33   33   33   33   33   33   33   33   33   33   33 
   0    0    0    0    0    0    0    0    0    0    0    0    0    0    0    0  297  297  297  297  297  297  297  297  297  297  297  297  297  297  297  297  528  528  528  528  528  528  528  528  528  528  528  528  528  528  528  528    0    0    0    0    0    0    0    0    0    0    0    0    0    0    0    0   33   33   33   33   33   33   33   33   33   33   33   33   33   33   33   33 
   0    0    0    0    0    0    0    0    0    0    0    0    0    0    0    0  297  297  297  297  297  297  297  297  297  297  297  297  297  297  297  297  528  528  528  528  528  528  528  528  528  528  528  528  528  528  528  528    0    0    0    0    0    0    0    0    0    0    0    0    0    0    0    0   33   33   33   33   33   33   33   33   33   33   33   33   33   33   33   33 
   0    0    0    0    0    0    0    0    0    0    0    0    0    0    0    0  297  297  297  297  297  297  297  297  297  297  297  297  297  297  297  297  528  528  528  528  528  528  528  528  528  528  528  528  528  528  528  528    0    0    0    0    0    0    0    0    0    0    0    0    0    0    0    0   33   33   33   33   33   33   33   33   33   33   33   33   33   33   33   33 
   0    0    0    0    0    0    0    0    0    0    0    0    0    0    0    0  297  297  297  297  297  297  297  297  297  297  297  297  297  297  297  297  528  528  528  528  528  528  528  528  528  528  528  528  528  528  528  528    0    0    0    0    0    0    0    0    0    0    0    0    0    0    0    0   33   33   33   33   33   33   33   33   33   33   33   33   33   33   33   33 
   0    0    0    0    0    0    0    0    0    0    0    0    0    0    0    0  297  297  297  297  297  297  297  297  297  297  297  297  297  297  297  297  528  528  528  528  528  528  528  528  528  528  528  528  528  528  528  528    0    0    0    0    0    0    0    0    0    0    0    0    0    0    0    0   33   33   33   33   33   33   33   33   33   33   33   33   33   33   33   33 
   0    0    0    0    0    0    0    0    0    0    0    0    0    0    0    0  297  297  297  297  297  297  297  297  297  297  297  297  297  297  297  297  528  528  528  528  528  528  528  528  528  528  528  528  528  528  528  528    0    0    0    0    0    0    0    0    0    0    0    0    0    0    0    0   33   33   33   33   33   33   33   33   33   33   33   33   33   33   33   33 
   0    0    0    0    0    0    0    0    0    0    0    0    0    0    0    0  297  297  297  297  297  297  297  297  297  297  297  297  297  297  297  297  528  528  528  528  528  528  528  528  528  528  528  528  528  528  528  528    0    0    0    0    0    0    0    0    0    0    0    0    0    0    0    0   33   33   33   33   33   33   33   33   33   33   33   33   33   33   33   33 
   0    0    0    0    0    0    0    0    0    0    0    0    0    0    0    0  297  297  297  297  297  297  297  297  297  297  297  297  297  297  297  297  528  528  528  528  528  528  528  528  528  528  528  528  528  528  528  528    0    0    0    0    0    0    0    0    0    0    0    0    0    0    0    0   33   33   33   33   33   33   33   33   33   33   33   33   33   33   33   33 
   0    0    0    0    0    0    0    0    0    0    0    0    0    0    0    0  297  297  297  297  297  297  297  297  297  297  297  297  297  297  297  297  528  528  528  528  528  528  528  528  528  528  528  528  528  528  528  528    0    0    0    0    0    0    0    0    0    0    0    0    0    0    0    0   33   33   33   33   33   33   33   33   33   33   33   33   33   33   33   33 
   0    0    0    0    0    0    0    0    0    0    0    0    0    0    0    0  297  297  297  297  297  297  297  297  297  297  297  297  297  297  297  297  528  528  528  528  528  528  528  528  528  528  528  528  528  528  528  528    0    0    0    0    0    0    0    0    0    0    0    0    0    0    0    0   33   33   33   33   33   33   33   33   33   33   33   33   33   33   33   33 
   0    0    0    0    0    0    0    0    0    0    0    0    0    0    0    0  297  297  297  297  297  297  297  297  297  297  297  297  297  297  297  297  528  528  528  528  528  528  528  528  528  528  528  528  528  528  528  528    0    0    0    0    0    0    0    0    0    0    0    0    0    0    0    0   33   33   33   33   33   33   33   33   33   33   33   33   33   33   33   33 
   0    0    0    0    0    0    0    0    0    0    0    0    0    0    0    0  297  297  297  297  297  297  297  297  297  297  297  297  297  297  297  297  528  528  528  528  528  528  528  528  528  528  528  528  528  528  528  528    0    0    0    0    0    0    0    0    0    0    0    0    0    0    0    0   33   33   33   33   33   33   33   33   33   33   33   33   33   33   33   33 
   0    0    0    0    0    0    0    0    0    0    0    0    0    0    0    0  297  297  297  297  297  297  297  297  297  297  297  297  297  297  297  297  528  528  528  528  528  528  528  528  528  528  528  528  528  528  528  528    0    0    0    0    0    0    0    0    0    0    0    0    0    0    0    0   33   33   33   33   33   33   33   33   33   33   33   33   33   33   33   33 
   0    0    0    0    0    0    0    0    0    0    0    0    0    0    0    0  297  297  297  297  297  297  297  297  297  297  297  297  297  297  297  297  528  528  528  528  528  528  528  528  528  528  528  528  528  528  528  528    0    0    0    0    0    0    0    0    0    0    0    0    0    0    0    0   33   33   33   33   33   33   33   33   33   33   33   33   33   33   33   33 
   0    0    0    0    0    0    0    0    0    0    0    0    0    0    0    0  297  297  297  297  297  297  297  297  297  297  297  297  297  297  297  297  528  528  528  528  528  528  528  528  528  528  528  528  528  528  528  528    0    0    0    0    0    0    0    0    0    0    0    0    0    0    0    0   33   33   33   33   33   33   33   33   33   33   33   33   33   33   33   33 
   0    0    0    0    0    0    0    0    0    0    0    0    0    0    0    0  297  297  297  297  297  297  297  297  297  297  297  297  297  297  297  297  528  528  528  528  528  528  528  528  528  528  528  528  528  528  528  528    0    0    0    0    0    0    0    0    0    0    0    0    0    0    0    0   33   33   33   33   33   33   33   33   33   33   33   33   33   33   33   33 
   0    0    0    0    0    0    0    0    0    0    0    0    0    0    0    0  297  297  297  297  297  297  297  297  297  297  297  297  297  297  297  297  528  528  528  528  528  528  528  528  528  528  528  528  528  528  528  528    0    0    0    0    0    0    0    0    0    0    0    0    0    0    0    0   33   33   33   33   33   33   33   33   33   33   33   33   33   33   33   33 
   0    0    0    0    0    0    0    0    0    0    0    0    0    0    0    0  297  297  297  297  297  297  297  297  297  297  297  297  297  297  297  297  528  528  528  528  528  528  528  528  528  528  528  528  528  528  528  528    0    0    0    0    0    0    0    0    0    0    0    0    0    0    0    0   33   33   33   33   33   33   33   33   33   33   33   33   33   33   33   33 
   0    0    0    0    0    0    0    0    0    0    0    0    0    0    0    0  297  297  297  297  297  297  297  297  297  297  297  297  297  297  297  297  528  528  528  528  528  528  528  528  528  528  528  528  528  528  528  528    0    0    0    0    0    0    0    0    0    0    0    0    0    0    0    0   33   33   33   33   33   33   33   33   33   33   33   33   33   33   33   33 
   0    0    0    0    0    0    0    0    0    0    0    0    0    0    0    0  297  297  297  297  297  297  297  297  297  297  297  297  297  297  297  297  528  528  528  528  528  528  528  528  528  528  528  528  528  528  528  528    0    0    0    0    0    0    0    0    0    0    0    0    0    0    0    0   33   33   33   33   33   33   33   33   33   33   33   33   33   33   33   33 
   0    0    0    0    0    0    0    0    0    0    0    0    0    0    0    0  297  297  297  297  297  297  297  297  297  297  297  297  297  297  297  297  528  528  528  528  528  528  528  528  528  528  528  528  528  528  528  528    0    0    0    0    0    0    0    0    0    0    0    0    0    0    0    0   33   33   33   33   33   33   33   33   33   33   33   33   33   33   33   33 
   0    0    0    0    0    0    0    0    0    0    0    0    0    0    0    0  297  297  297  297  297  297  297  297  297  297  297  297  297  297  297  297  528  528  528  528  528  528  528  528  528  528  528  528  528  528  528  528    0    0    0    0    0    0    0    0    0    0    0    0    0    0    0    0   33   33   33   33   33   33   33   33   33   33   33   33   33   33   33   33 
   0    0    0    0    0    0    0    0    0    0    0    0    0    0    0    0  297  297  297  297  297  297  297  297  297  297  297  297  297  297  297  297  528  528  528  528  528  528  528  528  528  528  528  528  528  528  528  528    0    0    0    0    0    0    0    0    0    0    0    0    0    0    0    0   33   33   33   33   33   33   33   33   33   33   33   33   33   33   33   33 
   0    0    0    0    0    0    0    0    0    0    0    0    0    0    0    0  297  297  297  297  297  297  297  297  297  297  297  297  297  297  297  297  528  528  528  528  528  528  528  528  528  528  528  528  528  528  528  528    0    0    0    0    0    0    0    0    0    0    0    0    0    0    0    0   33   33   33   33   33   33   33   33   33   33   33   33   33   33   33   33 
   0    0    0    0    0    0    0    0    0    0    0    0    0    0    0    0  297  297  297  297  297  297  297  297  297  297  297  297  297  297  297  297  528  528  528  528  528  528  528  528  528  528  528  528  528  528  528  528    0    0    0    0    0    0    0    0    0    0    0    0    0    0    0    0   33   33   33   33   33   33   33   33   33   33   33   33   33   33   33   33 
   0    0    0    0    0    0    0    0    0    0    0    0    0    0    0    0  297  297  297  297  297  297  297  297  297  297  297  297  297  297  297  297  528  528  528  528  528  528  528  528  528  528  528  528  528  528  528  528    0    0    0    0    0    0    0    0    0    0    0    0    0    0    0    0   33   33   33   33   33   33   33   33   33   33   33   33   33   33   33   33 
   0    0    0    0    0    0    0    0    0    0    0    0    0    0    0    0  297  297  297  297  297  297  297  297  297  297  297  297  297  297  297  297  528  528  528  528  528  528  528  528  528  528  528  528  528  528  528  528    0    0    0    0    0    0    0    0    0    0    0    0    0    0    0    0   33   33   33   33   33   33   33   33   33   33   33   33   33   33   33   33 
   0    0    0    0    0    0    0    0    0    0    0    0    0    0    0    0  297  297  297  297  297  297  297  297  297  297  297  297  297  297  297  297  528  528  528  528  528  528  528  528  528  528  528  528  528  528  528  528    0    0    0    0    0    0    0    0    0    0    0    0    0    0    0    0   33   33   33   33   33   33   33   33   33   33   33   33   33   33   33   33 
   0    0    0    0    0    0    0    0    0    0    0    0    0    0    0    0  297  297  297  297  297  297  297  297  297  297  297  297  297  297  297  297  528  528  528  528  528  528  528  528  528  528  528  528  528  528  528  528    0    0    0    0    0    0    0    0    0    0    0    0    0    0    0    0   33   33   33   33   33   33   33   33   33   33   33   33   33   33   33   33 
   0    0    0    0    0    0    0    0    0    0    0    0    0    0    0    0  297  297  297  297  297  297  297  297  297  297  297  297  297  297  297  297  528  528  528  528  528  528  528  528  528  528  528  528  528  528  528  528    0    0    0    0    0    0    0    0    0    0    0    0    0    0    0    0   33   33   33   33   33   33   33   33   33   33   33   33   33   33   33   33 
   0    0    0    0    0    0    0    0    0    0    0    0    0    0    0    0  297  297  297  297  297  297  297  297  297  297  297  297  297  297  297  297  528  528  528  528  528  528  528  528  528  528  528  528  528  528  528  528    0    0    0    0    0    0    0    0    0    0    0    0    0    0    0    0   33   33   33   33   33   33   33   33   33   33   33   33   33   33   33   33 
   0    0    0    0    0    0    0    0    0    0    0    0    0    0    0    0  297  297  297  297  297  297  297  297  297  297  297  297  297  297  297  297  528  528  528  528  528  528  528  528  528  528  528  528  528  528  528  528    0    0    0    0    0    0    0    0    0    0    0    0    0    0    0    0   33   33   33   33   33   33   33   33   33   33   33   33   33   33   33   33 
   0    0    0    0    0    0    0    0    0    0    0    0    0    0    0    0  297  297  297  297  297  297  297  297  297  297  297  297  297  297  297  297  528  528  528  528  528  528  528  528  528  528  528  528  528  528  528  528    0    0    0    0    0    0    0    0    0    0    0    0    0    0    0    0   33   33   33   33   33   33   33   33   33   33   33   33   33   33   33   33 
   0    0    0    0    0    0    0    0    0    0    0    0    0    0    0    0  297  297  297  297  297  297  297  297  297  297  297  297  297  297  297  297  528  528  528  528  528  528  528  528  528  528  528  528  528  528  528  528    0    0    0    0    0    0    0    0    0    0    0    0    0    0    0    0   33   33   33   33   33   33   33   33   33   33   33   33   33   33   33   33 
   0    0    0    0    0    0    0    0    0    0    0    0    0    0    0    0  297  297  297  297  297  297  297  297  297  297  297  297  297  297  297  297  528  528  528  528  528  528  528  528  528  528  528  528  528  528  528  528    0    0    0    0    0    0    0    0    0    0    0    0    0    0    0    0   33   33   33   33   33   33   33   33   33   33   33   33   33   33   33   33 
   0    0    0    0    0    0    0    0    0    0    0    0    0    0    0    0  297  297  297  297  297  297  297  297  297  297  297  297  297  297  297  297  528  528  528  528  528  528  528  528  528  528  528  528  528  528  528  528    0    0    0    0    0    0    0    0    0    0    0    0    0    0    0    0   33   33   33   33   33   33   33   33   33   33   33   33   33   33   33   33 
   0    0    0    0    0    0    0    0    0    0    0    0    0    0    0    0  297  297  297  297  297  297  297  297  297  297  297  297  297  297  297  297  528  528  528  528  528  528  528  528  528  528  528  528  528  528  528  528    0    0    0    0    0    0    0    0    0    0    0    0    0    0    0    0   33   33   33   33   33   33   33   33   33   33   33   33   33   33   33   33 
   0    0    0    0    0    0    0    0    0    0    0    0    0    0    0    0  297  297  297  297  297  297  297  297  297  297  297  297  297  297  297  297  528  528  528  528  528  528  528  528  528  528  528  528  528  528  528  528    0    0    0    0    0    0    0    0    0    0    0    0    0    0    0    0   33   33   33   33   33   33   33   33   33   33   33   33   33   33   33   33 
   0    0    0    0    0    0    0    0    0    0    0    0    0    0    0    0  297  297  297  297  297  297  297  297  297  297  297  297  297  297  297  297  528  528  528  528  528  528  528  528  528  528  528  528  528  528  528  528    0    0    0    0    0    0    0    0    0    0    0    0    0    0    0    0   33   33   33   33   33   33   33   33   33   33   33   33   33   33   33   33 
   0    0    0    0    0    0    0    0    0    0    0    0    0    0    0    0  297  297  297  297  297  297  297  297  297  297  297  297  297  297  297  297  528  528  528  528  528  528  528  528  528  528  528  528  528  528  528  528    0    0    0    0    0    0    0    0    0    0    0    0    0    0    0    0   33   33   33   33   33   33   33   33   33   33   33   33   33   33   33   33 
   0    0    0    0    0    0    0    0    0    0    0    0    0    0    0    0  297  297  297  297  297  297  297  297  297  297  297  297  297  297  297  297  528  528  528  528  528  528  528  528  528  528  528  528  528  528  528  528    0    0    0    0    0    0    0    0    0    0    0    0    0    0    0    0   33   33   33   33   33   33   33   33   33   33   33   33   33   33   33   33 
   0    0    0    0    0    0    0    0    0    0    0    0    0    0    0    0  297  297  297  297  297  297  297  297  297  297  297  297  297  297  297  297  528  528  528  528  528  528  528  528  528  528  528  528  528  528  528  528    0    0    0    0    0    0    0    0    0    0    0    0    0    0    0    0   33   33   33   33   33   33   33   33   33   33   33   33   33   33   33   33 
   0    0    0    0    0    0    0    0    0    0    0    0    0    0    0    0  297  297  297  297  297  297  297  297  297  297  297  297  297  297  297  297  528  528  528  528  528  528  528  528  528  528  528  528  528  528  528  528    0    0    0    0    0    0    0    0    0    0    0    0    0    0    0    0   33   33   33   33   33   33   33   33   33   33   33   33   33   33   33   33 
   0    0    0    0    0    0    0    0    0    0    0    0    0    0    0    0  297  297  297  297  297  297  297  297  297  297  297  297  297  297  297  297  528  528  528  528  528  528  528  528  528  528  528  528  528  528  528  528    0    0    0    0    0    0    0    0    0    0    0    0    0    0    0    0   33   33   33   33   33   33   33   33   33   33   33   33   33   33   33   33 
   0    0    0    0    0    0    0    0    0    0    0    0    0    0    0    0  297  297  297  297  297  297  297  297  297  297  297  297  297  297  297  297  528  528  528  528  528  528  528  528  528  528  528  528  528  528  528  528    0    0    0    0    0    0    0    0    0    0    0    0    0    0    0    0   33   33   33   33   33   33   33   33   33   33   33   33   33   33   33   33 
   0    0    0    0    0    0    0    0    0    0    0    0    0    0    0    0  297  297  297  297  297  297  297  297  297  297  297  297  297  297  297  297  528  528  528  528  528  528  528  528  528  528  528  528  528  528  528  528    0    0    0    0    0    0    0    0    0    0    0    0    0    0    0    0   33   33   33   33   33   33   33   33   33   33   33   33   33   33   33   33 
   0    0    0    0    0    0    0    0    0    0    0    0    0    0    0    0  297  297  297  297  297  297  297  297  297  297  297  297  297  297  297  297  528  528  528  528  528  528  528  528  528  528  528  528  528  528  528  528    0    0    0    0    0    0    0    0    0    0    0    0    0    0    0    0   33   33   33   33   33   33   33   33   33   33   33   33   33   33   33   33 
   0    0    0    0    0    0    0    0    0    0    0    0    0    0    0    0  297  297  297  297  297  297  297  297  297  297  297  297  297  297  297  297  528  528  528  528  528  528  528  528  528  528  528  528  528  528  528  528    0    0    0    0    0    0    0    0    0    0    0    0    0    0    0    0   33   33   33   33   33   33   33   33   33   33   33   33   33   33   33   33 
   0    0    0    0    0    0    0    0    0    0    0    0    0    0    0    0  297  297  297  297  297  297  297  297  297  297  297  297  297  297  297  297  528  528  528  528  528  528  528  528  528  528  528  528  528  528  528  528    0    0    0    0    0    0    0    0    0    0    0    0    0    0    0    0   33   33   33   33   33   33   33   33   33   33   33   33   33   33   33   33 
   0    0    0    0    0    0    0    0    0    0    0    0    0    0    0    0  297  297  297  297  297  297  297  297  297  297  297  297  297  297  297  297  528  528  528  528  528  528  528  528  528  528  528  528  528  528  528  528    0    0    0    0    0    0    0    0    0    0    0    0    0    0    0    0   33   33   33   33   33   33   33   33   33   33   33   33   33   33   33   33 
   0    0    0    0    0    0    0    0    0    0    0    0    0    0    0    0  297  297  297  297  297  297  297  297  297  297  297  297  297  297  297  297  528  528  528  528  528  528  528  528  528  528  528  528  528  528  528  528    0    0    0    0    0    0    0    0    0    0    0    0    0    0    0    0   33   33   33   33   33   33   33   33   33   33   33   33   33   33   33   33 
   0    0    0    0    0    0    0    0    0    0    0    0    0    0    0    0  297  297  297  297  297  297  297  297  297  297  297  297  297  297  297  297  528  528  528  528  528  528  528  528  528  528  528  528  528  528  528  528    0    0    0    0    0    0    0    0    0    0    0    0    0    0    0    0   33   33   33   33   33   33   33   33   33   33   33   33   33   33   33   33 
   0    0    0    0    0    0    0    0    0    0    0    0    0    0    0    0  297  297  297  297  297  297  297  297  297  297  297  297  297  297  297  297  528  528  528  528  528  528  528  528  528  528  528  528  528  528  528  528    0    0    0    0    0    0    0    0    0    0    0    0    0    0    0    0   33   33   33   33   33   33   33   33   33   33   33   33   33   33   33   33 
   0    0    0    0    0    0    0    0    0    0    0    0    0    0    0    0  297  297  297  297  297  297  297  297  297  297  297  297  297  297  297  297  528  528  528  528  528  528  528  528  528  528  528  528  528  528  528  528    0    0    0    0    0    0    0    0    0    0    0    0    0    0    0    0   33   33   33   33   33   33   33   33   33   33   33   33   33   33   33   33 
   0    0    0    0    0    0    0    0    0    0    0    0    0    0    0    0  297  297  297  297  297  297  297  297  297  297  297  297  297  297  297  297  528  528  528  528  528  528  528  528  528  528  528  528  528  528  528  528    0    0    0    0    0    0    0    0    0    0    0    0    0    0    0    0   33   33   33   33   33   33   33   33   33   33   33   33   33   33   33   33 
   0    0    0    0    0    0    0    0    0    0    0    0    0    0    0    0  297  297  297  297  297  297  297  297  297  297  297  297  297  297  297  297  528  528  528  528  528  528  528  528  528  528  528  528  528  528  528  528    0    0    0    0    0    0    0    0    0    0    0    0    0    0    0    0   33   33   33   33   33   33   33   33   33   33   33   33   33   33   33   33 
   0    0    0    0    0    0    0    0    0    0    0    0    0    0    0    0  297  297  297  297  297  297  297  297  297  297  297  297  297  297  297  297  528  528  528  528  528  528  528  528  528  528  528  528  528  528  528  528    0    0    0    0    0    0    0    0    0    0    0    0    0    0    0    0   33   33   33   33   33   33   33   33   33   33   33   33   33   33   33   33 
   0    0    0    0    0    0    0    0    0    0    0    0    0    0    0    0  297  297  297  297  297  297  297  297  297  297  297  297  297  297  297  297  528  528  528  528  528  528  528  528  528  528  528  528  528  528  528  528    0    0    0    0    0    0    0    0    0    0    0    0    0    0    0    0   33   33   33   33   33   33   33   33   33   33   33   33   33   33   33   33 
   0    0    0    0    0    0    0    0    0    0    0    0    0    0    0    0  297  297  297  297  297  297  297  297  297  297  297  297  297  297  297  297  528  528  528  528  528  528  528  528  528  528  528  528  528  528  528  528    0    0    0    0    0    0    0    0    0    0    0    0    0    0    0    0   33   33   33   33   33   33   33   33   33   33   33   33   33   33   33   33 
   0    0    0    0    0    0    0    0    0    0    0    0    0    0    0    0  297  297  297  297  297  297  297  297  297  297  297  297  297  297  297  297  528  528  528  528  528  528  528  528  528  528  528  528  528  528  528  528    0    0    0    0    0    0    0    0    0    0    0    0    0    0    0    0   33   33   33   33   33   33   33   33   33   33   33   33   33   33   33   33 
   0    0    0    0    0    0    0    0    0    0    0    0    0    0    0    0  297  297  297  297  297  297  297  297  297  297  297  297  297  297  297  297  528  528  528  528  528  528  528  528  528  528  528  528  528  528  528  528    0    0    0    0    0    0    0    0    0    0    0    0    0    0    0    0   33   33   33   33   33   33   33   33   33   33   33   33   33   33   33   33 
   0    0    0    0    0    0    0    0    0    0    0    0    0    0    0    0  297  297  297  297  297  297  297  297  297  297  297  297  297  297  297  297  528  528  528  528  528  528  528  528  528  528  528  528  528  528  528  528    0    0    0    0    0    0    0    0    0    0    0    0    0    0    0    0   33   33   33   33   33   33   33   33   33   33   33   33   33   33   33   33 
   0    0    0    0    0    0    0    0    0    0    0    0    0    0    0    0  297  297  297  297  297  297  297  297  297  297  297  297  297  297  297  297  528  528  528  528  528  528  528  528  528  528  528  528  528  528  528  528    0    0    0    0    0    0    0    0    0    0    0    0    0    0    0    0   33   33   33   33   33   33   33   33   33   33   33   33   33   33   33   33 
   0    0    0    0    0    0    0    0    0    0    0    0    0    0    0    0  297  297  297  297  297  297  297  297  297  297  297  297  297  297  297  297  528  528  528  528  528  528  528  528  528  528  528  528  528  528  528  528    0    0    0    0    0    0    0    0    0    0    0    0    0    0    0    0   33   33   33   33   33   33   33   33   33   33   33   33   33   33   33   33 
   0    0    0    0    0    0    0    0    0    0    0    0    0    0    0    0  297  297  297  297  297  297  297  297  297  297  297  297  297  297  297  297  528  528  528  528  528  528  528  528  528  528  528  528  528  528  528  528    0    0    0    0    0    0    0    0    0    0    0    0    0    0    0    0   33   33   33   33   33   33   33   33   33   33   33   33   33   33   33   33 
   0    0    0    0    0    0    0    0    0    0    0    0    0    0    0    0  297  297  297  297  297  297  297  297  297  297  297  297  297  297  297  297  528  528  528  528  528  528  528  528  528  528  528  528  528  528  528  528    0    0    0    0    0    0    0    0    0    0    0    0    0    0    0    0   33   33   33   33   33   33   33   33   33   33   33   33   33   33   33   33 
   0    0    0    0    0    0    0    0    0    0    0    0    0    0    0    0  297  297  297  297  297  297  297  297  297  297  297  297  297  297  297  297  528  528  528  528  528  528  528  528  528  528  528  528  528  528  528  528    0    0    0    0    0    0    0    0    0    0    0    0    0    0    0    0   33   33   33   33   33   33   33   33   33   33   33   33   33   33   33   33 
   0    0    0    0    0    0    0    0    0    0    0    0    0    0    0    0  297  297  297  297  297  297  297  297  297  297  297  297  297  297  297  297  528  528  528  528  528  528  528  528  528  528  528  528  528  528  528  528    0    0    0    0    0    0    0    0    0    0    0    0    0    0    0    0   33   33   33   33   33   33   33   33   33   33   33   33   33   33   33   33 
   0    0    0    0    0    0    0    0    0    0    0    0    0    0    0    0  297  297  297  297  297  297  297  297  297  297  297  297  297  297  297  297  528  528  528  528  528  528  528  528  528  528  528  528  528  528  528  528    0    0    0    0    0    0    0    0    0    0    0    0    0    0    0    0   33   33   33   33   33   33   33   33   33   33   33   33   33   33   33   33 
   0    0    0    0    0    0    0    0    0    0    0    0    0    0    0    0  297  297  297  297  297  297  297  297  297  297  297  297  297  297  297  297  528  528  528  528  528  528  528  528  528  528  528  528  528  528  528  528    0    0    0    0    0    0    0    0    0    0    0    0    0    0    0    0   33   33   33   33   33   33   33   33   33   33   33   33   33   33   33   33 
   0    0    0    0    0    0    0    0    0    0    0    0    0    0    0    0  297  297  297  297  297  297  297  297  297  297  297  297  297  297  297  297  528  528  528  528  528  528  528  528  528  528  528  528  528  528  528  528    0    0    0    0    0    0    0    0    0    0    0    0    0    0    0    0   33   33   33   33   33   33   33   33   33   33   33   33   33   33   33   33 
   0    0    0    0    0    0    0    0    0    0    0    0    0    0    0    0  297  297  297  297  297  297  297  297  297  297  297  297  297  297  297  297  528  528  528  528  528  528  528  528  528  528  528  528  528  528  528  528    0    0    0    0    0    0    0    0    0    0    0    0    0    0    0    0   33   33   33   33   33   33   33   33   33   33   33   33   33   33   33   33 
   0    0    0    0    0    0    0    0    0    0    0    0    0    0    0    0  297  297  297  297  297  297  297  297  297  297  297  297  297  297  297  297  528  528  528  528  528  528  528  528  528  528  528  528  528  528  528  528    0    0    0    0    0    0    0    0    0    0    0    0    0    0    0    0   33   33   33   33   33   33   33   33   33   33   33   33   33   33   33   33 
   0    0    0    0    0    0    0    0    0    0    0    0    0    0    0    0  297  297  297  297  297  297  297  297  297  297  297  297  297  297  297  297  528  528  528  528  528  528  528  528  528  528  528  528  528  528  528  528    0    0    0    0    0    0    0    0    0    0    0    0    0    0    0    0   33   33   33   33   33   33   33   33   33   33   33   33   33   33   33   33 
   0    0    0    0    0    0    0    0    0    0    0    0    0    0    0    0  297  297  297  297  297  297  297  297  297  297  297  297  297  297  297  297  528  528  528  528  528  528  528  528  528  528  528  528  528  528  528  528    0    0    0    0    0    0    0    0    0    0    0    0    0    0    0    0   33   33   33   33   33   33   33   33   33   33   33   33   33   33   33   33 
   0    0    0    0    0    0    0    0    0    0    0    0    0    0    0    0  297  297  297  297  297  297  297  297  297  297  297  297  297  297  297  297  528  528  528  528  528  528  528  528  528  528  528  528  528  528  528  528    0    0    0    0    0    0    0    0    0    0    0    0    0    0    0    0   33   33   33   33   33   33   33   33   33   33   33   33   33   33   33   33 
   0    0    0    0    0    0    0    0    0    0    0    0    0    0    0    0  297  297  297  297  297  297  297  297  297  297  297  297  297  297  297  297  528  528  528  528  528  528  528  528  528  528  528  528  528  528  528  528    0    0    0    0    0    0    0    0    0    0    0    0    0    0    0    0   33   33   33   33   33   33   33   33   33   33   33   33   33   33   33   33 
   0    0    0    0    0    0    0    0    0    0    0    0    0    0    0    0  297  297  297  297  297  297  297  297  297  297  297  297  297  297  297  297  528  528  528  528  528  528  528  528  528  528  528  528  528  528  528  528    0    0    0    0    0    0    0    0    0    0    0    0    0    0    0    0   33   33   33   33   33   33   33   33   33   33   33   33   33   33   33   33 
   0    0    0    0    0    0    0    0    0    0    0    0    0    0    0    0  297  297  297  297  297  297  297  297  297  297  297  297  297  297  297  297  528  528  528  528  528  528  528  528  528  528  528  528  528  528  528  528    0    0    0    0    0    0    0    0    0    0    0    0    0    0    0    0   33   33   33   33   33   33   33   33   33   33   33   33   33   33   33   33 
   0    0    0    0    0    0    0    0    0    0    0    0    0    0    0    0  297  297  297  297  297  297  297  297  297  297  297  297  297  297  297  297  528  528  528  528  528  528  528  528  528  528  528  528  528  528  528  528    0    0    0    0    0    0    0    0    0    0    0    0    0    0    0    0   33   33   33   33   33   33   33   33   33   33   33   33   33   33   33   33 
   0    0    0    0    0    0    0    0    0    0    0    0    0    0    0    0  297  297  297  297  297  297  297  297  297  297  297  297  297  297  297  297  528  528  528  528  528  528  528  528  528  528  528  528  528  528  528  528    0    0    0    0    0    0    0    0    0    0    0    0    0    0    0    0   33   33   33   33   33   33   33   33   33   33   33   33   33   33   33   33 
   0    0    0    0    0    0    0    0    0    0    0    0    0    0    0    0  297  297  297  297  297  297  297  297  297  297  297  297  297  297  297  297  528  528  528  528  528  528  528  528  528  528  528  528  528  528  528  528    0    0    0    0    0    0    0    0    0    0    0    0    0    0    0    0   33   33   33   33   33   33   33   33   33   33   33   33   33   33   33   33 
   0    0    0    0    0    0    0    0    0    0    0    0    0    0    0    0  297  297  297  297  297  297  297  297  297  297  297  297  297  297  297  297  528  528  528  528  528  528  528  528  528  528  528  528  528  528  528  528    0    0    0    0    0    0    0    0    0    0    0    0    0    0    0    0   33   33   33   33   33   33   33   33   33   33   33   33   33   33   33   33 
